Blaj 34.109104 -118.0175 12345 
Cluj-Napoca 34.14266 -117.918976 23456 
Bucuresti 34.0466 -118.48555 74678 
Timisoara 33.340096 -118.3297 12950 
Zalau 33.88281 -118.10476 23445 
Oradea 33.832603 -118.154564 16934 
Iasi 34.671448 -118.12288 98674 
Constanta 33.90611 -118.05546 49589 
Craiova 33.7576 -118.388245 34232 
Galati 34.01431 -118.065 84839 
Brasov 33.953598 -118.14455 34553 
Ploiesti 34.104507 -118.09486 93848 
Pitesti 34.135555 -118.03151 12321 
Braila 33.94476 -118.182335 1244 
Arad 34.054855 -117.88766 58458 
Sibiu 33.73907 -118.39819 32145 
Bacau 33.856678 -118.27133 24454 
Buzau 34.40347 -118.58491 58587 
Botosani 33.190113 -117.490166 94838 
Suceava 34.083233 -117.83059 9877 
Focsani 33.838066 -118.19569 23847 
Tulcea 33.959606 -118.4126 74747 
Resita 33.984035 -118.074 63643 
Calarasi 32.051495 -118.0791 85675 
Deva 34.02527 -117.98964 85854 
